   0.0000000e+00   0.0000000e+00   0.0000000e+00   0.0000000e+00   0.0000000e+00   7.4940432e+00   1.0000000e+00   2.0398435e+06
   1.2491218e-01   2.6784646e+01   2.3599754e+00   3.2061451e+00   5.0597182e+00   1.5660953e+01   0.0000000e+00   2.9999852e+06
   1.5566977e+01   1.6974419e+01   1.6050553e+01   1.6083016e+01   3.1843332e-01   2.0889311e+01   0.0000000e+00   2.9999862e+06
   0.0000000e+00   0.0000000e+00   0.0000000e+00   0.0000000e+00   0.0000000e+00   3.3050603e+00   1.0000000e+00   5.6265010e+05
   9.9497849e-01   1.4241646e+01   7.1208449e+00   6.9752089e+00   3.3207443e+00   2.5300849e+01   0.0000000e+00   2.9999864e+06
   1.6022860e-01   1.3935980e+00   6.6763587e-01   6.7033635e-01   2.7522299e-01   2.2719742e+01   0.0000000e+00   2.9999872e+06
   4.5406194e-02   9.5737037e-01   5.1552662e-01   5.5114675e-01   2.3589558e-01   1.7499079e+01   0.0000000e+00   2.9999868e+06
   0.0000000e+00   2.9600499e+01   0.0000000e+00   3.4679046e+00   9.0710124e+00   1.8308429e+01   8.6666667e-01   1.9520124e+06
   4.2613395e-05   1.0000000e+02   1.0000000e+02   9.3333345e+01   2.5370768e+01   3.1828737e+01   0.0000000e+00   2.9999875e+06
   4.0000000e+02   4.0000000e+02   4.0000000e+02   4.0000000e+02   0.0000000e+00   2.1215356e+01   0.0000000e+00   2.9999868e+06
